0,2,3,4
0,1,2,3,4
0,1,2,3,4,5
50,93
0,2,3,4,5
0,1,2,3,4,5,92,12
1,2,3,4,19
6,7,8,9,10
6,7,8,9,10,96
3,5,11,12,13,14,58,66
5,59,69
0,3,4,5
5,19,60,70
2,3,5,21,22,23,67
15,24,25,81
5,13,26,27,84
5,26,28,29
5,25,26,27,83
5,25,26,28,31,84
5,11,25,26,27,28,61,85
5,23,25,26,27,28,31
5,23,27,28,29,32
26,28,34,35,36,37,86
23,25,26,27,85
5,12,25,28,39,64,65,73
5,12,25,28,39,40,64,65
5,20,43,74,88
0,5,12,20,62,75,76
19,20,61,77,89
5,20,23,78
5,13,20
43,91
0,5,15,19,20,71,79
42,87
5,11,12,28,80
0,1,4,6,7,92,93,94
0,2,4,16,19,94,95
0,4,18,95
6,8,31
1,6,96

